1408013
1408015
1408016
1408019
1408020
1408021
1408022
1408025
1408027
1408030
1408031
1408032
1408036
1408037
1408040
1408041
1408043
1408045
1408047
1408049
1408053
1408054
1408055
1408057
1408060
1408062
1408064
1408067
1408068
1408069
1408071
1408073
1408074
1408075
1408078
1408079
1408080
1408081
1408082
1408083
1408084
1408085
1408086
1408087
1408088
1408091
1408092
1408093
1408095
1408096
1408097
1408100
1408101
1408102
1408103
1408104
1408106
1408107
1408108
1408109
1408110
1408111
1408115
1408116
1408117
1408119
1408120
1408121
1408122
1408123
1408125
