1408126
1408128
1408129
1408132
1408134
1408135
1408136
1408137
1408142
1408143
1408146
1408147
1408149
1408151
1408156
1408158
1408160
1408161
1408162
1408165
1408166
1408167
1408171
1408174
1408175
1408176
1408179
1408180
1408181
1408182
1408183
1408184
1408186
1408188
1408191
1408193
1408194
1408195
1408196
1408197
1408198
1408199
1408201
1408203
1408206
1408207
1408208
1408213
1408214
1408216
1408217
1408220
1408221
1408224
1408226
1408227
1408228
1408229
1408231
1408232
1408240
1408242
1408244
1408245
1408246
1408248
1408249
1408251
1408252
1408255
1408257
