1406575
1406578
1406581
1406582
1406585
1406587
1406588
1406589
1406590
1406591
1406592
1406593
1406594
1406595
1406596
1406600
1406604
1406605
1406607
1406608
1406612
1406613
1406614
1406616
1406618
1406619
1406621
1406622
1406623
1406624
1406626
1406631
1406632
1406633
1406634
1406635
1406636
1406638
1406640
1406642
1406645
1406646
1406648
1406653
1406657
1406658
1406660
1406662
1406663
1406666
1406667
1406669
1406670
1406671
1406672
1406673
1406677
1406678
1406681
1406682
1406683
1406685
1406688
1406689
1406690
